0.186163
0.193698
0.1561
0.00196291
1.12698
2.1861
0.332261
12.0021
2.93386
1.81602
3.87166
0.164965
2.7447
0.435979
0.290447
0.795743
0.641667
3.51869
1.38526
0.888712
1.95217
0.297911
0.425944
3.64284
3.10667
1.10307
1.29121
1.92351
1.90111
1.27763
0.144847
0.943647
0.676097
1.62749
0.345798
0.772802
0.985948
1.42121
1.03619
3.40375
2.03192
1.43909
3.09409
3.99982
3.33198
1.09731
1.27683
2.32398
0.0196008
4.35128
1.43549
1.51933
0.995743
1.37726
0.561398
1.69605
1.78281
2.62589
0.170806
0.474971
0.415355
2.26819
4.04279
0.900858
1.0336
0.566353
0.261804
2.6422
0.80494
0.73867
1.24129
2.10976
0.701282
0.609841
1.42519
0.236343
2.20382
0.10961
2.08451
0.73903
0.651869
3.3219
1.54077
0.596084
3.14859
3.1155
0.19034
3.47593
0.598159
0.345794
0.807048
1.70699
2.11364
0.549784
1.09548
1.507
2.8454
1.38214
6.38895
0.0417928
0.563031
2.17462
2.12544
0.779694
2.47191
0.271293
0.980282
3.92918
1.11078
3.78599
0.352752
0.481191
5.18123
3.75039
1.47214
2.3067
0.781419
3.88199
0.368097
0.505894
1.27577
0.783547
1.83144
0.0613169
2.175
1.09058
2.74018
3.00908
0.597925
0.028915
1.11984
0.607709
1.3024
4.92272
3.51925
1.37014
1.37088
2.85816
1.18645
1.49416
0.169277
1.04425
1.50866
1.68053
5.80122
0.541823
1.18346
0.138403
2.16005
0.102733
4.34536
0.445907
0.990301
4.09407
3.9968
2.7809
2.96831
0.977794
1.95344
5.19101
2.37737
0.779112
0.375547
2.85069
4.78822
1.8509
0.844083
1.92891
0.412977
0.395024
1.77269
0.208221
3.47778
1.93573
13.0918
0.849129
1.25626
1.43313
0.0248312
1.27926
6.86644
2.30791
0.876241
1.83113
4.01625
5.61811
2.47035
0.152877
0.540163
0.559861
0.586344
1.99997
5.32716
2.18058
4.73692
0.666916
1.7153
0.0691916
0.485702
3.1362
1.12731
2.08592
0.312843
0.48177
0.714653
0.225678
1.60048
0.29975
3.2729
2.48161
0.25992
1.24511
1.5791
0.136168
0.0210983
5.03437
1.28922
0.188655
1.77951
0.0612336
4.4475
3.12711
1.85833
0.429985
0.435802
6.78311
1.22578
3.60951
1.16416
1.32126
1.3366
0.797625
1.60594
0.193394
2.11772
8.11276
0.386679
4.39647
1.35201
2.5007
0.58005
2.85281
0.921522
2.35005
0.982086
1.43755
3.78612
7.16573
0.893693
