73.9424
1.81315
4.12686
6.9898
0.326736
1.50081
4.04736
1.78816
1.16393
1.94089
3.29542
0.380654
2.10977
5.224
2.20364
7.01965
6.82425
4.52745
5.16256
3.52829
2.12675
0.640091
1.64124
0.731155
3.04997
11.7594
0.250809
1.17084
3.85834
3.08927
0.819452
1.74465
0.566212
4.07574
1.2799
2.59351
0.762831
0.941475
0.354088
0.753107
3.63273
0.231513
2.16991
0.430837
0.878968
2.34785
7.41071
3.17633
5.00716
11.6731
3.33553
3.99329
2.05079
1.30621
1.01043
1.48964
3.18516
8.77037
1.17049
1.61155
0.242469
7.27706
5.40533
2.47264
1.87523
6.73403
1.66021
3.22239
3.24702
9.98044
3.52293
5.81729
1.943
1.06682
0.301415
2.54532
1.78257
2.54763
1.06231
1.17604
4.29465
5.10599
0.99479
2.18726
1.37916
4.20568
0.0383606
3.30453
0.332098
0.719312
3.04593
1.50099
1.70694
4.71327
1.61455
1.15085
7.43959
3.47977
2.17392
2.64628
2.32315
4.84789
0.883028
1.88447
1.13848
2.74665
1.60717
2.30676
0.669642
1.43212
3.01674
3.58822
2.87516
2.61362
1.09615
1.09087
0.677743
2.80102
2.11215
3.37272
5.32594
6.78166
1.31103
3.33778
4.53097
2.99278
0.0502013
2.91756
1.02165
4.59915
1.38508
0.0590874
4.71386
0.854888
1.23261
5.08572
5.84375
3.91557
5.99451
2.44053
3.89681
3.84626
1.55682
0.353557
4.31208
0.568076
0.379245
2.25923
3.43259
0.307262
5.32451
1.27598
7.62475
0.927999
1.99842
1.40172
1.81598
1.34905
3.06086
1.65653
2.98566
3.85026
2.88595
0.331761
4.35078
2.08469
2.24331
5.03839
7.56495
1.61936
0.668955
1.88347
4.08484
1.22495
5.27301
1.64471
2.4258
1.83203
5.98469
2.31395
0.803815
3.65894
1.5218
0.858011
2.1029
3.3152
0.435763
2.10456
1.17596
6.64003
0.400919
10.2429
3.34544
0.795599
1.19928
0.912532
2.32119
1.64216
4.66501
2.00768
2.47033
1.74659
7.84551
9.01496
0.143327
1.36797
2.13171
2.01228
1.12551
0.599324
9.48296
2.52911
0.818218
3.09072
4.7248
1.71089
5.84721
1.52684
2.13481
6.0739
1.71208
6.52962
4.48633
2.3784
1.7078
4.80387
1.51415
4.98696
3.51596
0.470982
0.0896177
0.460811
0.385612
7.74528
6.58877
0.591792
2.438
0.246001
1.763
0.859699
2.90416
8.33308
0.234934
6.77515
3.68594
2.49957
6.06466
1.70869
2.52406
